%YAML:1.0
---
matrix: !!opencv-matrix
   rows: 3
   cols: 3
   dt: d
   data: [ 2.0480810497518351e+03, 0., 1.3087361851789287e+03, 0.,
       2.0507189072145029e+03, 9.4977138937425548e+02, 0., 0., 1. ]
distortion: !!opencv-matrix
   rows: 5
   cols: 1
   dt: d
   data: [ 1.0728813865419339e-01, -2.2631330703033983e-01,
       6.0333629723318403e-04, -3.7545233879409941e-04,
       9.0195284316394869e-02 ]
reprojection_error: 3.2901781501500083e-01
distortion_model: 0
resolution:
   - { width:2592 }
   - { height:1944 }
focus_value: 18
